3 2 5 7 3

-1.96048 0.540834 -3.68601 2.47268 0.214188 
-1.15539 -3.63207 0.402974 2.6779 2.74966 

6.7748 -4.2182 0.792901 1.26432 -3.33303 1.9227 1.53868 
6.3433 -3.01815 0.205094 1.04908 -2.97996 2.22944 1.61522 
7.5534 -4.50444 1.5562 2.06113 -3.60282 2.43026 2.00311 
-0.949968 4.06177 1.39648 1.27604 3.46637 1.93978 1.84617 
-2.68528 3.00242 2.26217 2.59529 2.48924 2.60981 2.44875 

-8.44417 -3.46063 8.21525 
3.07983 5.42635 5.19263 
0.221405 0.321601 -5.77831 
-2.22581 -1.65573 -7.03778 
3.17642 4.06496 3.58979 
-3.59783 -4.02484 -8.71885 
-1.9352 -2.78258 -7.68017 
